583.2846 282.7317 532.2846 282.7317 532.2846 229.7317 583.2846 229.7317 red_cube 0
554.2846 534.7317 502.28459999999995 534.7317 502.28459999999995 482.7317 554.2846 482.7317 green_cube 0
669.2846 506.7317 620.2846 506.7317 620.2846 456.7317 669.2846 456.7317 yellow_cube 0
899.2846 360.7317 837.2846 360.7317 837.2846 300.7317 899.2846 300.7317 rubiks_cube 0
566.2846 425.7317 489.28459999999995 425.7317 489.28459999999995 340.7317 566.2846 340.7317 measuring_tape 0
442.2846 460.7317 383.2846 460.7317 383.2846 310.7317 442.2846 310.7317 allen_key 0
644.8849910917722 309.50267391776293 624.150777217804 299.54815860919354 678.6842089082277 185.96072608223704 699.4184227821959 195.91524139080644 marker 0
367.8356516000705 330.254725368521 344.783004690132 304.6056813144885 492.2319483999295 172.082674631479 515.284595309868 197.7317186855115 chisel 0
755.2845891641285 334.73171645535547 694.6919175521488 265.87550201415365 785.8804108358714 185.6306835446445 846.4730824478512 254.48689798584633 clamp 0
681.2845157776798 426.7316759427881 749.0566440481037 368.4666660336909 878.4062842223203 518.9223240572119 810.6341559518963 577.1873339663091 scissor 0
861.2846159364394 382.731775935527 844.1963276549886 447.04383627081745 568.2845840635605 373.73162406447295 585.3728723450113 309.4195637291825 knife 0
456.8506262870602 548.0459068858269 402.93086062649616 593.332025240129 277.28457371293985 443.7316931141732 331.2043393735039 398.445574759871 banana 0
