564.2846 281.7317 512.2846 281.7317 512.2846 228.7317 564.2846 228.7317 green_cube 0
730.781303462405 524.7211871648877 684.3532943823375 505.3247871096931 704.227696537595 457.7526128351122 750.6557056176625 477.1490128903069 yellow_cube 0
393.1334290495543 399.4505034415165 336.04294248285663 408.5276704741159 328.2845709504457 359.73169655848346 385.3750575171434 350.6545295258841 red_cube 0
440.4860714914998 296.43228473252054 392.0717426893263 259.09720992832297 426.28452850850016 214.73171526747944 474.69885731067365 252.06679007167702 rubiks_cube 0
329.7069975397619 231.71277262530054 346.2846219268091 220.73171330609193 413.8622024602381 322.75062737469943 397.2845780731909 333.73168669390805 marker 0
824.2845764541289 525.7317620978216 773.2784536880333 550.062898306597 711.549823545871 420.6592379021783 762.5559463119666 396.32810169340286 allen_key 0
789.2601353455033 252.2550772928097 757.2845732427044 330.7317207035727 576.2846646544966 256.9827227071903 608.2602267572955 178.50607929642734 scissor 0
691.752296773508 466.4085297287205 666.2845603019958 477.7317320702674 589.551303226492 305.14607027127954 615.0190396980041 293.82286792973264 chisel 0
667.3730667690002 513.4597251003037 616.2844794629134 547.7316993023883 463.48653323099984 319.9586748996964 514.5751205370866 285.6867006976118 knife 0
505.4792023012683 397.14461907796385 564.2845218095309 454.7317520026993 433.60799769873177 588.1725809220361 374.8026781904691 530.5854479973007 banana 0
871.7713524371555 301.1292138206752 883.9294114740259 382.6423866362759 772.3404475628444 399.28638617932484 760.182388525974 317.77321336372415 clamp 0
891.7680317224116 253.8603367236983 860.8956586061742 292.9200584586496 792.4121682775884 238.79146327630167 823.2845413938259 199.7317415413504 measuring_tape 0
