558.2846 282.7317 506.28459999999995 282.7317 506.28459999999995 230.7317 558.2846 230.7317 green_cube 0
662.284523348097 400.7316694404379 616.0157527078346 408.3624847231451 608.217476651903 361.07833055956206 654.4862472921653 353.44751527685486 red_cube 0
851.4804630204189 434.3165568966972 799.4062826543488 413.2967512017816 818.2103369795811 366.71184310330284 870.2845173456512 387.73164879821843 yellow_cube 0
821.9315563939509 342.87805644532034 768.2845859220382 366.7316897617719 708.637643606049 232.58534355467964 762.2846140779617 208.73171023822806 allen_key 0
667.4942778195298 341.37974480523394 644.2845539247539 350.73170961099896 570.9349221804703 168.69245519476607 594.1446460752461 159.34049038900105 chisel 0
393.3431271742055 213.467422662971 409.5322173735418 202.01291625379932 480.47367282579444 302.27717733702906 464.28458262645813 313.7316837462007 marker 0
653.8245002045321 392.0601084326422 622.9416083472349 473.6375792611773 438.2844997954678 403.73169156735776 469.167391652765 322.1542207388227 scissor 0
266.26030069238703 306.9072654053731 324.90902914057204 253.74892631872504 506.9332993076129 454.5733345946269 448.2845708594279 507.73167368127497 knife 0
537.6906688592192 553.950782847421 494.2845632542471 518.7316885204795 529.4025311407809 475.45021715257906 572.8086367457529 510.6693114795206 rubiks_cube 0
736.2845622157796 399.73168806846246 795.7894541453046 460.47313873195526 662.0200377842203 591.5193119315375 602.5151458546953 530.7778612680447 banana 0
874.5536068766778 438.354720369248 884.2844922862303 522.7317606517571 770.3301931233223 535.873679630752 760.5993077137698 451.4966393482429 clamp 0
892.5971042964132 249.15645055955255 860.5664870034537 288.3903641852918 789.6706957035868 230.51094944044743 821.7013129965463 191.27703581470817 measuring_tape 0
