583.2846 283.7317 534.2846 283.7317 534.2846 229.7317 583.2846 229.7317 red_cube 0
897.2846 359.7317 832.2846 359.7317 832.2846 306.7317 897.2846 306.7317 rubiks_cube 0
667.2846 506.7317 620.2846 506.7317 620.2846 451.7317 667.2846 451.7317 yellow_cube 0
553.2846 537.7317 502.28459999999995 537.7317 502.28459999999995 482.7317 553.2846 482.7317 yellow_cube 0
566.2846 430.7317 493.28459999999995 430.7317 493.28459999999995 341.7317 566.2846 341.7317 measuring_tape 0
645.2845784799415 303.731717224512 627.7192544383443 295.2050214070405 679.7690215200585 187.98048277548796 697.3343455616557 196.5071785929595 marker 0
441.2846 462.7317 383.2846 462.7317 383.2846 312.7317 441.2846 312.7317 allen_key 0
876.2844828928047 521.7317769392428 809.692245991076 578.5534988106718 682.2511171071952 429.19882306075726 748.8433540089239 372.3771011893282 scissor 0
454.7744054338002 546.8071261132412 400.2845543478717 590.7317461001385 281.65819456619977 443.57207388675874 336.1480456521283 399.6474538998615 banana 0
492.1918807314062 180.35531518605669 511.5310172497433 203.04059620184128 365.85651926859384 327.22768481394337 346.51738275025673 304.5424037981588 chisel 0
754.2844415559125 330.73165187982244 697.8858415394541 266.07941831172724 782.8621584440875 191.95134812017753 839.260758460546 256.60358168827275 clamp 0
857.2845909615896 374.73177162965993 844.4088454326113 437.13845205958665 577.5766090384104 382.0856283703401 590.4523545673887 319.67894794041337 knife 0
