356.2845666561969 294.73172062901983 310.0280017103934 255.66189785408693 344.8544333438031 214.42927937098017 391.1109982896066 253.49910214591307 rubiks_cube 0
406.99563003054476 233.18457976242794 423.2846272126637 221.73170841542847 492.57356996945526 320.278820237572 476.28457278733634 331.7316915845715 marker 0
565.2846 283.7317 513.2846 283.7317 513.2846 230.7317 565.2846 230.7317 green_cube 0
731.2845581583578 524.7316780290653 684.7690174952235 505.00323489468934 704.9860418416423 457.3357219709348 751.5015825047766 477.0641651053107 yellow_cube 0
395.729789469625 545.3593413357944 339.3231879221343 553.5627127075306 331.839410530375 502.10405866420575 388.2460120778657 493.9006872924695 red_cube 0
825.2248171485575 528.9062005351688 773.2846081974263 553.639639567435 710.3443828514424 421.46519946483124 762.2845918025736 396.731760432565 allen_key 0
697.7207337018203 299.3815692002288 713.2845741228557 384.73171875550815 602.2804662981796 404.9736307997712 586.7166258771442 319.6234812444918 clamp 0
788.9089306281356 253.8804808374373 755.284561027816 331.7317164976444 576.6602693718643 254.58291916256266 610.2846389721839 176.73168350235557 scissor 0
892.5901233294031 254.45402355132603 860.2846160345917 296.7317114751575 789.9790766705968 243.00937644867392 822.2845839654082 200.73168852484247 measuring_tape 0
436.28457838280383 324.7316950395122 483.39172453306014 369.4907071570555 348.3390216171962 511.62850496048776 301.23187546693987 466.86949284294445 banana 0
466.460490377405 353.25893407570993 522.2846075313803 319.7317218065808 666.1087096225949 559.20446592429 610.2845924686196 592.7316781934192 knife 0
877.9097934251764 463.5953050852248 850.2845632270095 475.7317293303755 775.6594065748235 305.86809491477516 803.2846367729904 293.73167066962446 chisel 0
