441.2846 580.7317 380.2846 580.7317 380.2846 426.7317 441.2846 426.7317 allen_key 0
802.2846 540.7317 748.2846 540.7317 748.2846 482.7317 802.2846 482.7317 yellow_cube 0
584.2846 283.7317 531.2846 283.7317 531.2846 230.7317 584.2846 230.7317 red_cube 0
543.472114430921 357.4263086376077 496.28104928765026 384.74351596071403 468.093485569079 336.0488913623923 515.2845507123498 308.73168403928594 green_cube 0
684.2846 353.7317 623.2846 353.7317 623.2846 299.7317 684.2846 299.7317 rubiks_cube 0
696.9163756986577 531.9904167004472 676.7888012541009 522.254057811272 729.1570243013423 413.99538329955277 749.2845987458991 423.731742188728 marker 0
466.6670972593697 421.2289636493253 532.2200063966609 367.46450412030157 654.8375027406303 516.9672363506747 589.2845936033391 570.7316958796985 scissor 0
447.777371675636 329.22983639507765 395.28459909490175 266.7316518262655 482.791828324364 193.23356360492232 535.2846009050983 255.73174817373456 clamp 0
903.9975963806825 175.35231707686813 926.2845655611474 199.7317712225007 784.0118036193174 329.79328292313187 761.7248344388526 305.41382877749925 chisel 0
460.2846 431.7317 383.2846 431.7317 383.2846 343.7317 460.2846 343.7317 measuring_tape 0
940.2845265564625 369.7316733231016 927.4539788899743 430.97663308982834 670.2976734435375 377.1035266768984 683.1282211100257 315.85856691017165 knife 0
669.2844952744101 435.7317035886043 618.6895037133058 472.7110922732728 505.09190472559004 317.28749641139564 555.6868962866943 280.30810772672714 banana 0
