670.2846 429.7317 615.2846 429.7317 615.2846 374.7317 670.2846 374.7317 rubiks_cube 0
588.2816520149083 361.5864256330356 535.4806136973518 370.92783845915227 526.4835479850917 320.07317436696434 579.2845863026482 310.7317615408477 red_cube 0
540.2845351087457 274.7317485812762 493.8407616104013 249.87023037352236 517.2266648912541 206.18305141872384 563.6704383895986 231.04456962647765 green_cube 0
690.2124233531406 547.4753529904182 657.471231191294 502.65834680848945 697.2127766468593 473.625047009582 729.9539688087059 518.4420531915106 yellow_cube 0
643.5120853252361 497.23671655384294 589.2846253449866 530.731719585496 508.0571146747638 399.22668344615704 562.2845746550133 365.731680414504 allen_key 0
398.67760223813724 313.9814443587975 483.67291729646314 323.44284648670214 471.2845977618628 434.73175564120254 386.2892827035369 425.2703535132979 clamp 0
448.0907862740553 297.05102757885805 373.5976353910596 237.05215140327252 423.7914137259447 174.73277242114196 498.2845646089404 234.73164859672747 measuring_tape 0
710.662973633182 156.14736119653864 743.2844672013921 149.73165622052622 781.622426366818 344.66603880346133 749.0009327986079 351.08174377947375 chisel 0
631.7059415255204 143.78548523679854 703.2845037240683 153.73171815577996 676.9284584744795 343.40431476320146 605.3498962759317 333.45808184422003 banana 0
776.17046688346 220.20464424837516 842.1676853608915 196.56455446846607 934.2845331165399 453.73175575162486 868.2873146391084 477.37184553153395 knife 0
791.3396886918529 479.8443282458519 796.6816939916603 457.4785417542744 917.6265113081472 486.3658717541481 912.2845060083398 508.7316582457256 marker 0
508.2846073961113 394.73172671010985 546.5067456789089 471.57124900229167 371.2845926038887 558.7316732898902 333.06245432109114 481.89215099770837 scissor 0
