602.2846 382.7317 553.2846 382.7317 553.2846 330.7317 602.2846 330.7317 green_cube 0
664.2803889483872 258.7371997256985 615.2759371241387 267.7241620765099 605.5534110516129 214.70880027430155 654.5578628758614 205.7218379234901 red_cube 0
606.2769133269001 480.55885906644653 558.8052441025666 460.7092698690485 579.2844866731 411.7317409335535 626.7561558974335 431.5813301309515 yellow_cube 0
678.1678329050098 327.7817493268809 696.2845608068878 313.73169640565277 770.5023670949902 409.43125067311905 752.3856391931122 423.4813035943472 marker 0
535.6944045130795 281.6234241182629 493.28453441154545 246.73168331143285 527.1557954869206 205.56217588173712 569.5656655884547 240.45391668856718 rubiks_cube 0
299.2500902769173 287.1436845778543 358.8360247574356 246.98005277838445 508.87050972308265 469.56811542214575 449.28457524256436 509.7317472216156 knife 0
501.0732862601112 340.2404622813193 477.2845324376153 348.73176188813386 413.1531137398888 169.06473771868068 436.9418675623847 160.5734381118661 chisel 0
546.674136371759 483.0866245634093 522.6862186571303 563.2761095596743 334.29666362824105 506.92117543659066 358.2845813428697 426.73169044032574 scissor 0
902.284552171066 339.7317492716242 852.04525129222 368.95611048285997 774.9268478289339 236.38265072837584 825.1661487077799 207.15828951714008 allen_key 0
793.5669611010986 246.44870639309727 764.1134798667421 286.8528205793705 693.0022388989013 235.01469360690274 722.4557201332578 194.61057942062956 measuring_tape 0
731.6314484545842 436.59808740371864 743.2845752963804 521.7317463821686 629.6527515454159 537.2857125962813 617.9996247036197 452.15205361783137 clamp 0
912.2845517966341 382.7317204863681 971.0879139824781 426.62458475381413 850.937848203366 587.5898795136319 792.134486017522 543.6970152461859 banana 0
