581.2846 351.7317 523.2846 351.7317 523.2846 295.7317 581.2846 295.7317 rubiks_cube 0
649.2845308510832 425.7317272249704 597.9709559731305 432.9141295866274 590.6590691489168 380.67547277502956 641.9726440268696 373.4930704133726 red_cube 0
587.4398680697391 550.1600852161024 554.9830817542374 504.5365790988619 598.284531930261 473.7317147838977 630.7413182457626 519.3552209011381 yellow_cube 0
440.93181995816934 276.9856703980336 389.5922367903301 249.99832520602703 411.2845800418307 208.73172960196635 462.6241632096699 235.71907479397296 green_cube 0
409.902365915712 311.51570708150047 496.2845561766897 322.73171880609533 481.78443408428797 434.4070929184996 395.40224382331024 423.1910811939047 clamp 0
797.4790393776043 505.9559087445556 747.2338386185913 530.7400577268484 680.0393606223956 394.51589125544444 730.2845613814086 369.73174227315167 allen_key 0
575.2845792974127 294.7317296064552 505.11765652354956 239.01744056955985 552.2954207025872 179.60147039354476 622.4623434764504 235.3157594304401 measuring_tape 0
600.7260936615114 162.436442507901 631.4592110074027 155.2889786854196 675.2845063384887 343.73175749209895 644.5513889925974 350.8792213145804 chisel 0
493.28454727573126 384.7316998709028 543.6932453873238 460.4596496921829 375.35765272426875 572.5131001290972 324.9489546126762 496.7851503078171 scissor 0
742.5203886248754 141.201684517408 814.284594732621 138.73168722692492 821.0488113751245 335.26171548259197 749.2846052673789 337.73171277307506 banana 0
785.2067424561811 281.5700869050867 847.0133203869242 267.2199801162515 910.2844575438188 539.7317130949132 848.4778796130757 554.0818198837485 knife 0
794.2845756648322 229.73169758379652 798.8848785162851 206.6028579828802 912.0762243351677 229.1165024162035 907.4759214837148 252.2453420171198 marker 0
