589.2518804399086 279.44313484879785 537.2089994731394 288.1318525285642 528.2417195600914 234.42046515120217 580.2846005268606 225.73174747143585 red_cube 0
536.5175425895146 361.71800852346263 492.6973675004666 334.803614780984 520.8066574104854 289.03799147653734 564.6268324995334 315.952385219016 green_cube 0
783.4658949450175 563.1894926795134 742.0236271365309 502.9507406577485 784.8423050549825 473.49290732048655 826.2845728634691 533.7316593422514 yellow_cube 0
671.2846 242.7317 614.2846 242.7317 614.2846 184.7317 671.2846 184.7317 rubiks_cube 0
431.34801625463086 197.33171321955902 515.7681937272338 209.8856005754433 499.28458374536916 320.73168678044095 414.8644062727663 308.17779942455667 clamp 0
712.169278116773 212.02250745823184 777.6410560994638 192.7645932441936 855.2845218832271 456.7316925417681 789.8127439005362 475.98960675580634 knife 0
809.7642519107055 160.1904436834463 846.337936103917 149.64442571573738 900.2845480892945 336.7317563165537 863.7108638960831 347.2777742842626 chisel 0
625.6961031417032 260.58523238952364 697.2846243964074 266.7317076538351 680.8730968582967 457.87816761047634 609.2845756035925 451.7316923461649 banana 0
496.2845471822158 550.7316971213809 444.30799115338874 579.6940610544614 368.5234528177842 443.68930287861923 420.50000884661125 414.72693894553873 allen_key 0
442.1724483175222 438.034142722144 380.0030245266226 387.0779446230165 430.2845516824778 325.731657277856 492.4539754733774 376.6878553769835 measuring_tape 0
627.2845520180578 397.7316686676696 665.5855215961407 478.8563067496898 494.28464798194216 559.7317313323304 455.98367840385924 478.6070932503101 scissor 0
655.3054609380414 478.47083582254277 657.4222918914401 457.3296488566997 781.2845390619585 469.7317641774572 779.1677081085599 490.87295114330027 marker 0
