584.2846 350.7317 523.2846 350.7317 523.2846 295.7317 584.2846 295.7317 rubiks_cube 0
414.29689014137 308.65190311244714 499.28457269365117 321.7317177626127 481.32110985863005 438.4514968875528 396.3334273063489 425.3716822373873 clamp 0
650.1208460016704 424.6444618224832 601.2889860685249 432.9562862377153 592.4527539983295 381.0435381775168 641.2846139314751 372.7317137622847 red_cube 0
587.7806489502718 548.4052779242438 556.7149941583705 504.70311140689125 600.2845510497282 473.7317220757561 631.3502058416295 517.4338885931086 yellow_cube 0
439.2202264196209 276.7234843135804 389.3940870977674 249.5694879909533 413.2845735803792 205.7317156864196 463.11071290223265 232.8857120090467 green_cube 0
799.2845470734611 497.73175265451164 748.1402521936537 524.5226650355281 680.9194529265388 396.1970473454884 732.0637478063462 369.4061349644719 allen_key 0
604.9234872931917 159.40045520011924 637.6682774562809 153.07844069323457 674.2845127068084 342.73174479988074 641.5397225437192 349.0537593067654 chisel 0
499.28454009506123 391.7316776288276 546.2358270587467 468.2277192506897 374.8222599049388 573.4369223711724 327.87097294125334 496.9408807493103 scissor 0
745.2846090100323 138.73172415330328 820.4840420985637 138.93208196699862 819.9539909899676 337.8738758466967 744.7545579014362 337.67351803300136 banana 0
571.2845473543799 298.73173882046586 499.04635924117514 236.40152337593827 550.6140526456201 176.6366611795342 622.8522407588249 238.96687662406177 measuring_tape 0
916.6482211644106 540.5959858618702 856.5841627897914 555.9683276343633 785.9209788355893 279.8674141381298 845.9850372102085 264.4950723656367 knife 0
794.3286592300216 224.92803098362438 798.0008684805824 206.41329079154778 915.3917407699784 229.6965690163756 911.7195315194175 248.2113092084522 marker 0
