443.2846 273.7317 380.2846 273.7317 380.2846 217.7317 443.2846 217.7317 rubiks_cube 0
586.5078397586877 453.98099127622885 541.2845871900494 430.7317100537236 565.0613602413122 384.48240872377113 610.2846128099505 407.7316899462764 green_cube 0
747.0430974600888 423.92802587830107 700.5503146109806 432.42525244675693 691.4517025399111 382.641974121699 737.9444853890193 374.1447475532431 red_cube 0
588.1438087283428 548.9576189258688 554.5387010069311 504.2143409466873 595.4253912716571 473.5057810741312 629.0304989930688 518.2490590533126 yellow_cube 0
641.9199566557764 320.8307861916602 593.9515730525492 322.57267438945837 590.6492433442235 231.6326138083398 638.6176269474507 229.89072561054164 measuring_tape 0
675.7540475309144 225.44115457805867 680.3855670671741 203.89768454012733 796.1107524690857 228.77684542194135 791.479232932826 250.3203154598727 marker 0
507.3815237392022 286.97450750624046 548.0647174337846 364.5677111393493 374.9676762607978 455.32489249375953 334.2844825662154 377.7316888606507 scissor 0
493.4655148668597 164.41134792234578 527.2845588356943 155.7316893435748 575.1036851331403 342.05205207765414 541.2846411643056 350.73171065642515 chisel 0
415.28456021200367 422.7316785180843 497.10227182236196 435.8669967100524 478.9496397879963 548.9367214819157 397.13192817763803 535.8014032899476 clamp 0
862.2845346756149 521.7317321947672 842.8981007788966 532.6186890885998 769.1486653243851 401.29286780523273 788.5350992211033 390.40591091140016 allen_key 0
870.5681473826851 141.8866119351959 940.2846373913271 151.7316943683159 913.861052617315 338.8463880648041 844.1445626086729 329.0013056316841 banana 0
617.5595144363753 279.8254869837102 683.3290430385522 267.18565980698725 736.2844855636248 542.7317130162897 670.5149569614479 555.3715401930127 knife 0
