394.28458411846697 399.7316998867491 336.9505248723281 407.82093186328666 329.946415881533 358.17790011325087 387.2804751276719 350.0886681367133 red_cube 0
473.28454830818873 296.731684770701 426.679766048994 259.74463334100415 463.15265169181123 213.78771522929895 509.75743395100596 250.77476665899584 rubiks_cube 0
342.0767438225276 228.86025067708346 357.00683390308546 218.45528773642724 425.21465617747236 316.32674932291656 410.2845660969145 326.7317122635728 marker 0
436.28454152301424 402.7316923040639 492.12075117205416 451.57184994384284 360.4350584769858 602.1207076959361 304.59884882794586 553.2805500561572 banana 0
768.2845248290178 509.731685080322 721.7336688099247 531.6644570184438 658.6664751709823 397.80851491967803 705.2173311900754 375.8757429815562 allen_key 0
739.2846 252.7317 689.2846 252.7317 689.2846 199.7317 739.2846 199.7317 green_cube 0
870.2845179498707 339.73171963904343 841.6246275161706 350.17470247769165 780.5330820501293 182.51408036095663 809.1929724838295 172.07109752230838 chisel 0
697.2845575991887 297.7317757084965 710.5683324789468 379.0731329762106 593.3274424008114 398.2196242915035 580.0436675210533 316.8782670237894 clamp 0
460.7307605060381 359.60050933568596 511.1162858454394 325.4654552070846 665.6700394939618 553.596690664314 615.2845141545605 587.7317447929154 knife 0
794.314042981288 522.9370691483953 747.3324946005265 501.5395438992887 767.284557018712 457.73173085160477 814.2661053994735 479.12925610071136 yellow_cube 0
889.2845562533394 453.7317279685502 865.7691607783424 484.62859614227443 801.5642437466606 435.7626720314498 825.0796392216575 404.8658038577256 measuring_tape 0
714.2845926186604 247.73177914926248 683.7554252049259 325.5241143474308 505.0858073813396 255.40622085073747 535.6149747950741 177.6138856525692 scissor 0
