421.4635615657607 287.13485784614335 372.0568428663532 247.96933493826404 404.8778384342393 206.5661421538567 454.28455713364684 245.731665061736 rubiks_cube 0
603.2846 446.7317 549.2846 446.7317 549.2846 394.7317 603.2846 394.7317 green_cube 0
745.2845330440755 422.7317653721643 698.0125168683655 430.49973310403766 690.4060669559244 384.2106346278357 737.6780831316344 376.44266689596236 red_cube 0
603.7824517382451 546.2324661875832 559.7229858812684 527.8717244049668 582.2845482617549 473.73173381241673 626.3440141187316 492.09247559503314 yellow_cube 0
689.691517595785 180.92690649752748 707.2788124631093 168.78508632056102 776.8718824042151 269.58989350247253 759.2845875368907 281.731713679439 marker 0
593.4591192430383 336.9945207221692 568.2844751056952 347.73176925231553 494.3724807569616 174.4370792778308 519.5471248943048 163.6998307476845 chisel 0
545.2846010089636 360.7316823364208 514.5937877267754 441.77313843956506 332.2845989910365 372.73171766357916 362.97541227322466 291.6902615604349 scissor 0
854.5274848140383 527.9888238956513 809.2845394854793 551.7316928934581 739.3437151859617 418.45677610434876 784.5866605145208 394.71390710654197 allen_key 0
558.027263346228 311.09757719561554 610.2844995003404 276.7317764819217 768.1309366537721 516.7558228043845 715.8737004996597 551.1216235180783 knife 0
659.8113344606568 249.07477461145064 631.103858782009 284.2184799755672 564.5770655393433 229.87542538854936 593.2845412179911 194.73172002443275 measuring_tape 0
499.16262833922167 438.95007494201417 508.2845730804495 524.7317286229032 392.7673716607783 537.0157250579858 383.64542691955046 451.23407137709677 clamp 0
903.2845909092177 155.7317566367529 963.0635105956214 197.5981476883648 851.4954090907822 356.90064336324707 791.7164894043785 315.03425231163516 banana 0
