388.2846 252.7317 332.2846 252.7317 332.2846 203.7317 388.2846 203.7317 green_cube 0
615.7812819601932 510.4532394241828 568.7421271499002 520.0092801698725 558.7879180398068 471.01016057581717 605.8270728500997 461.4541198301275 red_cube 0
793.7383305806853 524.4536494339591 742.3976153032314 499.1366739619677 764.9438694193146 453.4147505660408 816.2845846967685 478.73172603803226 yellow_cube 0
538.2140647768497 402.6153969307658 493.59440197845026 370.287116249648 524.6649352231502 327.40340306923423 569.2845980215495 359.73168375035203 rubiks_cube 0
615.8992276828302 232.09905259130718 632.2845330414688 220.7316827286621 700.2735723171699 318.7333474086928 683.8882669585313 330.1007172713379 marker 0
575.5970220842587 194.35044035022074 588.2845890264289 278.73172034245573 476.31037791574136 295.56815964977926 463.6228109735712 211.18687965754432 clamp 0
871.2845117118077 342.7316727406195 844.8988755480111 352.7120508016826 779.8958882881923 180.86032725938048 806.2815244519888 170.87994919831738 chisel 0
577.4356744699263 502.23212582354654 525.2845897421743 532.731707849024 450.1335255300736 404.23127417645344 502.28461025782565 373.73169215097596 allen_key 0
444.2845809404373 324.7317465727286 502.84686019830474 378.05573679254945 371.59161905956273 522.2048534272715 313.0293398016953 468.88086320745055 banana 0
588.5580861507586 366.1397137852904 643.2845584990772 326.73170086914945 805.0111138492413 551.3236862147096 750.2846415009227 590.7316991308505 knife 0
916.7548833237078 350.75978976601857 888.2846217632572 430.7316700673441 702.8143166762922 364.7036102339814 731.2845782367427 284.73172993265587 scissor 0
892.0979351199466 452.724507720963 866.2845110232346 487.73176780359864 800.0978648800534 438.92749227903704 825.9112889767654 403.9202321964014 measuring_tape 0
