398.1756682841097 232.76086709870356 472.9652325911057 189.76548796303712 529.2845317158904 287.7317329012965 454.4949674088943 330.7271120369629 clamp 0
670.2846 278.7317 615.2846 278.7317 615.2846 221.7317 670.2846 221.7317 rubiks_cube 0
586.1079928425299 277.42716422588774 535.7329523301473 285.3867680712942 527.46120715747 233.03623577411227 577.8362476698526 225.07663192870578 red_cube 0
537.1223045469551 361.3036147642171 492.71986151381094 334.4532281201036 520.882095453045 287.88138523578283 565.2845384861891 314.73177187989637 green_cube 0
788.4889898674621 549.2683930329353 741.7170701798041 520.6530639951405 768.330410132538 477.15340696706477 815.102329820196 505.7687360048595 yellow_cube 0
487.3649626348905 380.5201984562795 418.28456092671183 438.7317207872292 368.40603736510946 379.54020154372046 437.4864390732881 321.32867921277074 measuring_tape 0
490.46501513199564 554.9735173636117 444.32606045805255 581.6454877416288 366.14558486800433 446.4036826363883 412.2845395419474 419.73171225837115 allen_key 0
769.0228936122652 184.05976811985255 798.3603141730435 162.81888351021314 909.6219063877348 316.4908318801475 880.2844858269565 337.73171648978683 chisel 0
691.4385119655643 529.8083165342351 670.4464566998428 517.3823062923717 732.7870880344357 412.06628346576485 753.7791433001572 424.4922937076283 marker 0
699.1461442421748 309.4617672825929 741.2845757816231 373.73173385085266 581.0226557578251 478.80703271740714 538.8842242183769 414.5370661491474 banana 0
660.8501754704032 250.81574941128838 712.9853767367049 209.98834746208013 884.2846245295968 428.73165058871166 832.1494232632951 469.5590525379199 knife 0
632.2845306682501 393.73170226072153 670.7966936634754 473.3371789908385 495.63826933174994 558.0766977392784 457.1261063365247 478.4712210091615 scissor 0
