501.2846 281.7317 445.2846 281.7317 445.2846 230.7317 501.2846 230.7317 green_cube 0
574.8198624527681 295.5071383334909 529.0248749370962 258.1561378289602 561.8181375472318 217.94926166650913 607.6131250629037 255.30026217103983 rubiks_cube 0
560.7753798873098 400.46434434463555 507.65500446532593 409.35474026762444 499.1642201126902 358.6220556553645 552.284595534674 349.7316597323756 red_cube 0
849.6216560229915 524.7646095833356 795.2845100584292 500.73169164739113 815.5623439770085 454.8845904166643 869.8994899415708 478.9175083526088 yellow_cube 0
894.3017561232283 391.25402750966373 864.2846294326997 429.7316733145302 789.2674438767716 371.20937249033625 819.2845705673002 332.73172668546977 measuring_tape 0
875.7008766244523 210.89568537480255 885.28451702048 293.73174302314567 769.4119233755478 307.13751462519747 759.82828297952 224.3014569768543 clamp 0
797.2845474862057 528.7317616137587 735.4077406899395 555.941784818224 676.0868525137943 421.04343838624123 737.9636593100605 393.83341518177593 allen_key 0
775.4819678587569 334.72066980364843 745.8624251703231 346.83193278188674 675.087232141243 173.74273019635154 704.7067748296768 161.63146721811324 chisel 0
392.2377791535746 456.65585881893685 411.2845854910962 442.7317125962435 482.9534208464254 540.7673411810631 463.9066145089038 554.6914874037565 marker 0
264.13128311399043 188.46161957092735 319.2846429633579 143.7316694902914 491.4379168860096 356.0017804290726 436.2845570366421 400.73173050970854 knife 0
786.1844024430682 331.33934584809975 760.2845319638352 409.731735919898 576.1235975569318 348.8872541519002 602.0234680361648 270.494864080102 scissor 0
630.8415917469795 397.5127760978383 689.2845584891186 440.73172746338196 575.1492082530206 595.0716239021617 516.7062415108815 551.852672536618 banana 0
