585.2846 283.7317 533.2846 283.7317 533.2846 229.7317 585.2846 229.7317 red_cube 0
554.2846 535.7317 504.28459999999995 535.7317 504.28459999999995 484.7317 554.2846 484.7317 green_cube 0
670.2846 508.7317 619.2846 508.7317 619.2846 455.7317 670.2846 455.7317 yellow_cube 0
897.2846 361.7317 836.2846 361.7317 836.2846 304.7317 897.2846 304.7317 rubiks_cube 0
442.2846 464.7317 386.2846 464.7317 386.2846 313.7317 442.2846 313.7317 allen_key 0
567.2846 431.7317 488.28459999999995 431.7317 488.28459999999995 341.7317 567.2846 341.7317 measuring_tape 0
645.7855254865856 305.4687706585057 625.9900173836502 295.86992390763953 678.7836745134143 186.99462934149423 698.5791826163497 196.59347609236042 marker 0
365.9897668768812 327.075779027248 345.9425505093696 303.39424883673513 491.3860331231188 180.27142097275197 511.43324949063043 203.95295116326486 chisel 0
455.2845496692925 543.7316633836532 402.96150624010403 589.2543835879343 279.3558503307075 447.1841366163468 331.67889375989597 401.6614164120657 banana 0
683.8038302158467 424.3812282028428 749.2845957362657 369.73172539531566 874.7653697841532 520.0821717971571 809.2846042637342 574.7316746046843 scissor 0
757.1499219436772 327.33888868738546 702.284495377622 264.73166199162125 783.3624780563229 193.67951131261464 838.2279046223781 256.2867380083788 clamp 0
857.2845786007342 373.7316922742818 844.7720319011203 436.22862691054996 575.9874213992657 382.4151077257182 588.4999680988797 319.91817308945 knife 0
