7 0.311075 0.323279 0.369504 0.263563 0.413504 0.399627 0.355074 0.459343
0 0.52366 0.387127 0.480691 0.387127 0.480691 0.307961 0.52366 0.307961
3 0.457897 0.385316 0.418541 0.396371 0.412079 0.323661 0.451435 0.312606
2 0.419627 0.501811 0.384937 0.464518 0.406939 0.399835 0.441629 0.437127
4 0.616007 0.762873 0.579466 0.723129 0.600258 0.662713 0.636799 0.702457
9 0.380754 0.5285 0.326785 0.60935 0.287817 0.527139 0.341786 0.44629
8 0.383176 0.770797 0.34713 0.807841 0.286051 0.620005 0.322097 0.582961
11 0.600799 0.255639 0.623719 0.226137 0.710642 0.439571 0.687722 0.469072
1 0.540186 0.735845 0.523786 0.718587 0.57249 0.572314 0.58889 0.589573
6 0.546208 0.429808 0.579129 0.519072 0.453924 0.66501 0.421003 0.575746
10 0.516289 0.348355 0.55702 0.29165 0.690847 0.595461 0.650117 0.652165
5 0.493972 0.54685 0.52406 0.657413 0.387217 0.775107 0.35713 0.664543
