3 0.455691 0.394072 0.41741 0.394072 0.41741 0.319072 0.455691 0.319072
0 0.701004 0.499627 0.650222 0.499627 0.650222 0.426016 0.701004 0.426016
4 0.521316 0.703794 0.484597 0.703794 0.484597 0.627405 0.521316 0.627405
4 0.432254 0.74685 0.39241 0.74685 0.39241 0.670461 0.432254 0.670461
9 0.44241 0.598238 0.385379 0.598238 0.385379 0.474627 0.44241 0.474627
1 0.504129 0.42185 0.490406 0.410007 0.53107 0.261084 0.544792 0.272927
8 0.344754 0.642683 0.299441 0.642683 0.299441 0.43435 0.344754 0.43435
5 0.684597 0.724627 0.632572 0.803547 0.533009 0.596109 0.585034 0.51719
6 0.355293 0.759454 0.312722 0.820461 0.220045 0.616072 0.262616 0.555066
11 0.384525 0.250493 0.399634 0.282001 0.285825 0.454483 0.270717 0.422976
7 0.589285 0.45935 0.545223 0.369555 0.611611 0.266599 0.655672 0.356394
10 0.669754 0.520461 0.659694 0.607137 0.451232 0.530674 0.461291 0.443999
