0 0.329268 0.398798 0.290669 0.344402 0.316311 0.286897 0.35491 0.341294
2 0.471316 0.620461 0.429129 0.620461 0.429129 0.548238 0.471316 0.548238
3 0.582254 0.587127 0.545322 0.597916 0.53938 0.533626 0.576311 0.522837
4 0.471705 0.758656 0.437284 0.733155 0.45491 0.657961 0.489331 0.683462
1 0.538821 0.251287 0.552562 0.234424 0.606931 0.37443 0.593191 0.391294
11 0.46364 0.468048 0.443972 0.482961 0.386229 0.242274 0.405896 0.227361
5 0.426004 0.501016 0.402026 0.613574 0.259597 0.517683 0.283575 0.405125
8 0.6676 0.733318 0.632254 0.766294 0.577612 0.58119 0.612958 0.548214
10 0.435959 0.43208 0.476785 0.38435 0.600102 0.717716 0.559276 0.765447
9 0.515478 0.345937 0.49305 0.394748 0.441076 0.319271 0.463504 0.270461
7 0.389971 0.609653 0.397097 0.728794 0.30685 0.745855 0.299723 0.626714
6 0.705691 0.216294 0.752393 0.274442 0.665231 0.495695 0.618529 0.437548
