8 0.344754 0.806572 0.297097 0.806572 0.297097 0.592683 0.344754 0.592683
4 0.626785 0.751016 0.584597 0.751016 0.584597 0.670461 0.626785 0.670461
3 0.456472 0.394072 0.415066 0.394072 0.415066 0.320461 0.456472 0.320461
2 0.424588 0.496425 0.38772 0.534366 0.365698 0.466735 0.402566 0.428794
0 0.534597 0.491294 0.486941 0.491294 0.486941 0.416294 0.534597 0.416294
1 0.544466 0.738876 0.528741 0.725353 0.569654 0.574994 0.585379 0.588516
5 0.364584 0.58504 0.415797 0.510367 0.511592 0.71801 0.460379 0.792683
7 0.349826 0.457264 0.308816 0.370461 0.377181 0.26838 0.418191 0.355183
11 0.706248 0.243545 0.72366 0.277405 0.612509 0.458046 0.595098 0.424186
9 0.359597 0.599627 0.299441 0.599627 0.299441 0.477405 0.359597 0.477405
10 0.734597 0.513516 0.724573 0.598579 0.52367 0.523755 0.533694 0.438692
6 0.522879 0.605183 0.483351 0.656543 0.394603 0.440677 0.43413 0.389317
