3 0.460353 0.388115 0.419695 0.400183 0.412689 0.325584 0.453347 0.313516
2 0.419154 0.502386 0.38492 0.465005 0.40688 0.401442 0.441115 0.438823
4 0.612083 0.782208 0.579706 0.698543 0.613158 0.657629 0.645535 0.741294
0 0.524441 0.337127 0.47991 0.337127 0.47991 0.256572 0.524441 0.256572
7 0.336991 0.274072 0.402944 0.291508 0.390066 0.445461 0.324113 0.428025
10 0.556382 0.294476 0.607532 0.267729 0.668191 0.63435 0.617041 0.661097
11 0.632628 0.222487 0.661202 0.207839 0.703347 0.467683 0.674774 0.48233
6 0.488825 0.361924 0.544754 0.370461 0.531932 0.635942 0.476004 0.627405
8 0.387722 0.764905 0.347116 0.805131 0.287909 0.616235 0.328516 0.57601
9 0.345447 0.608381 0.296877 0.537608 0.33616 0.452405 0.38473 0.523178
5 0.490066 0.552405 0.519989 0.665078 0.38616 0.777405 0.356237 0.664732
1 0.511957 0.664543 0.513611 0.63518 0.610379 0.652405 0.608725 0.681768
