3 0.308035 0.555183 0.263243 0.566418 0.257771 0.497469 0.302563 0.486234
0 0.369754 0.412127 0.333344 0.360756 0.361838 0.296927 0.398248 0.348298
1 0.267247 0.317861 0.278912 0.30341 0.332199 0.439343 0.320535 0.453794
6 0.340847 0.55935 0.384469 0.627183 0.28159 0.836279 0.237968 0.768445
8 0.600222 0.707961 0.563854 0.738423 0.514583 0.552512 0.550951 0.52205
2 0.577566 0.351016 0.538504 0.351016 0.538504 0.277405 0.577566 0.277405
11 0.67991 0.47185 0.657519 0.486354 0.609791 0.253492 0.632182 0.238988
7 0.544754 0.413516 0.555132 0.52649 0.463537 0.553083 0.453159 0.440109
10 0.359946 0.499445 0.39931 0.452035 0.520055 0.768884 0.480691 0.816294
4 0.620558 0.726301 0.583854 0.696583 0.599441 0.635739 0.636145 0.665457
9 0.694754 0.630183 0.676382 0.673095 0.626222 0.605226 0.644593 0.562314
5 0.558035 0.344072 0.534184 0.452117 0.394598 0.354731 0.418449 0.246686
