0 0.456472 0.487127 0.408816 0.487127 0.408816 0.410738 0.456472 0.410738
7 0.323669 0.428683 0.390066 0.44685 0.376032 0.60896 0.309635 0.590794
3 0.507907 0.589784 0.469757 0.601328 0.462854 0.529227 0.501004 0.517683
4 0.459204 0.761674 0.434934 0.700977 0.468972 0.657961 0.493242 0.718658
2 0.343141 0.384338 0.304214 0.346624 0.322879 0.285738 0.361805 0.323452
8 0.624441 0.691294 0.584485 0.728504 0.531968 0.550274 0.571925 0.513064
11 0.472596 0.22139 0.498178 0.212609 0.526785 0.476016 0.501203 0.484797
5 0.390066 0.544072 0.426747 0.650316 0.29283 0.79644 0.256149 0.690196
6 0.582254 0.192683 0.641003 0.192961 0.640589 0.469269 0.581839 0.468991
9 0.446316 0.414905 0.38988 0.328335 0.430167 0.245329 0.486603 0.331898
10 0.716131 0.750828 0.669206 0.772178 0.614001 0.388705 0.660926 0.367354
1 0.620569 0.3124 0.623438 0.286685 0.71515 0.319023 0.712281 0.344738
