2 0.440847 0.391294 0.400222 0.391294 0.400222 0.317683 0.440847 0.317683
4 0.570923 0.728779 0.534651 0.70184 0.550178 0.635768 0.58645 0.662707
3 0.307135 0.554792 0.262534 0.5674 0.256472 0.499627 0.301074 0.48702
0 0.34413 0.411712 0.306306 0.359857 0.333035 0.298238 0.370858 0.350093
1 0.257584 0.321823 0.270535 0.306572 0.32333 0.448265 0.310379 0.463516
8 0.643972 0.730183 0.604124 0.763976 0.555898 0.584249 0.595747 0.550456
5 0.616609 0.350354 0.591629 0.45935 0.450222 0.35692 0.475203 0.247925
11 0.540431 0.64779 0.520535 0.663516 0.460587 0.423814 0.480484 0.408087
10 0.521385 0.713139 0.481472 0.760738 0.362099 0.444387 0.402012 0.396787
6 0.394906 0.55159 0.440847 0.631572 0.338756 0.816906 0.292815 0.736924
7 0.681071 0.418235 0.69057 0.531448 0.603391 0.554564 0.593892 0.441352
9 0.696694 0.352584 0.672575 0.406833 0.619072 0.331655 0.643191 0.277405
