0 0.346316 0.380183 0.297097 0.380183 0.297097 0.302405 0.346316 0.302405
2 0.458209 0.630529 0.422879 0.598238 0.441454 0.534003 0.476785 0.566294
3 0.583627 0.588789 0.547305 0.600591 0.540197 0.531447 0.576519 0.519645
4 0.459487 0.762441 0.433233 0.700298 0.465176 0.657647 0.49143 0.71979
9 0.5015 0.445598 0.464025 0.448018 0.461445 0.321712 0.49892 0.319293
1 0.527933 0.313113 0.531551 0.283191 0.621962 0.317746 0.618343 0.347667
5 0.396392 0.398576 0.428176 0.506344 0.292943 0.632396 0.26116 0.524627
11 0.38552 0.228349 0.411941 0.216294 0.4493 0.475072 0.422879 0.487127
7 0.324441 0.587127 0.388361 0.605371 0.374179 0.762412 0.310259 0.744169
8 0.67366 0.724627 0.658514 0.739748 0.600897 0.557351 0.616043 0.54223
6 0.680131 0.197065 0.734597 0.210738 0.713954 0.47062 0.659488 0.456946
10 0.482468 0.388647 0.533851 0.371091 0.575222 0.753794 0.52384 0.771349
