3 0.457254 0.394072 0.416629 0.394072 0.416629 0.319072 0.457254 0.319072
2 0.433035 0.744072 0.393972 0.744072 0.393972 0.673238 0.433035 0.673238
4 0.52366 0.706572 0.483816 0.706572 0.483816 0.632961 0.52366 0.632961
0 0.701004 0.502405 0.653347 0.502405 0.653347 0.423238 0.701004 0.423238
8 0.345535 0.645461 0.301785 0.645461 0.301785 0.435738 0.345535 0.435738
9 0.443191 0.599627 0.381472 0.599627 0.381472 0.474627 0.443191 0.474627
1 0.50452 0.424262 0.489055 0.41093 0.5303 0.259715 0.545765 0.273046
11 0.28593 0.454272 0.270268 0.421381 0.383895 0.250377 0.399557 0.283268
6 0.355691 0.755183 0.314814 0.818409 0.218247 0.621089 0.259124 0.557863
5 0.534222 0.589418 0.585379 0.513516 0.68341 0.722336 0.632254 0.798238
7 0.591523 0.454637 0.54866 0.367683 0.612002 0.268999 0.654866 0.355954
10 0.669754 0.519072 0.659978 0.605873 0.44999 0.531132 0.459766 0.444331
