0 0.278347 0.40935 0.242209 0.355086 0.269418 0.297818 0.305555 0.352082
1 0.317965 0.323867 0.330691 0.307961 0.384823 0.444832 0.372097 0.460738
2 0.441629 0.394072 0.401004 0.394072 0.401004 0.320461 0.441629 0.320461
4 0.571316 0.728794 0.534976 0.701393 0.55077 0.635189 0.587111 0.662589
3 0.309164 0.757444 0.265096 0.768837 0.25925 0.697367 0.303317 0.685973
8 0.644707 0.734592 0.604129 0.768944 0.554957 0.585368 0.595535 0.551016
7 0.545094 0.415808 0.557254 0.53435 0.470532 0.562463 0.458372 0.443922
5 0.616335 0.352612 0.590066 0.460738 0.450516 0.353587 0.476785 0.245461
9 0.697336 0.353408 0.672097 0.412127 0.617171 0.337513 0.64241 0.278794
6 0.340847 0.451016 0.37765 0.513182 0.27214 0.710595 0.235337 0.64843
10 0.364422 0.490637 0.408035 0.444072 0.520397 0.776673 0.476785 0.823238
11 0.685867 0.643882 0.664285 0.660739 0.605984 0.424817 0.627566 0.407961
