3 0.455691 0.392683 0.415847 0.392683 0.415847 0.319072 0.455691 0.319072
2 0.433035 0.742683 0.39241 0.742683 0.39241 0.670461 0.433035 0.670461
4 0.522879 0.703794 0.484597 0.703794 0.484597 0.63435 0.522879 0.63435
0 0.702566 0.501016 0.654129 0.501016 0.654129 0.417683 0.702566 0.417683
9 0.44241 0.591294 0.382254 0.591294 0.382254 0.473238 0.44241 0.473238
8 0.345535 0.639905 0.299441 0.639905 0.299441 0.431572 0.345535 0.431572
1 0.503816 0.429865 0.487618 0.416039 0.530222 0.258279 0.546421 0.272105
11 0.287372 0.458687 0.269362 0.423063 0.384556 0.239004 0.402566 0.274627
7 0.590066 0.464905 0.542728 0.369272 0.613969 0.25782 0.661307 0.353454
5 0.532254 0.592683 0.585201 0.511759 0.686255 0.720725 0.633308 0.801649
10 0.672879 0.531572 0.659528 0.620894 0.443972 0.519072 0.457323 0.429749
6 0.356915 0.761175 0.31479 0.824072 0.216629 0.616294 0.258753 0.553397
