2 0.470535 0.531572 0.432254 0.531572 0.432254 0.45935 0.470535 0.45935
3 0.518969 0.359357 0.480684 0.371839 0.473089 0.298207 0.511373 0.285725
4 0.473654 0.667443 0.436567 0.639874 0.452566 0.57185 0.489653 0.599419
1 0.529819 0.455252 0.543972 0.435738 0.601955 0.568655 0.587801 0.588168
0 0.418511 0.391144 0.385379 0.342683 0.41184 0.285503 0.444973 0.333964
10 0.233789 0.398811 0.280341 0.343028 0.397555 0.652178 0.351004 0.707961
11 0.391464 0.472556 0.372879 0.48435 0.322776 0.234812 0.341361 0.223019
5 0.427089 0.670954 0.408349 0.782328 0.261169 0.704057 0.27991 0.592683
8 0.70491 0.47185 0.66566 0.512439 0.605412 0.328309 0.644661 0.28772
9 0.619974 0.34229 0.596964 0.398407 0.541408 0.326409 0.564419 0.270292
7 0.571587 0.606386 0.580691 0.724627 0.491916 0.74623 0.482812 0.627989
6 0.712722 0.531572 0.758662 0.592534 0.664795 0.816097 0.618855 0.755135
