2 0.391629 0.391294 0.347879 0.391294 0.347879 0.320461 0.391629 0.320461
0 0.449078 0.410427 0.413301 0.35855 0.43892 0.302707 0.474698 0.354584
3 0.438106 0.5562 0.396605 0.568548 0.389972 0.498086 0.431472 0.485738
4 0.663767 0.72884 0.621316 0.695461 0.637158 0.631784 0.679609 0.665163
9 0.698673 0.543408 0.675222 0.59685 0.616615 0.515569 0.640066 0.462127
7 0.684141 0.292911 0.691629 0.407961 0.601103 0.42658 0.593616 0.31153
8 0.622879 0.73435 0.574537 0.772141 0.528193 0.584783 0.576534 0.546991
11 0.605845 0.46489 0.582705 0.481711 0.527412 0.241309 0.550552 0.224488
1 0.306436 0.634244 0.321316 0.614905 0.377307 0.751066 0.362427 0.770405
10 0.206353 0.261752 0.249441 0.199627 0.383936 0.494447 0.340847 0.556572
5 0.614207 0.460194 0.593972 0.569072 0.450097 0.484566 0.470331 0.375687
6 0.492845 0.552101 0.538504 0.612127 0.449335 0.826488 0.403677 0.766462
