2 0.43616 0.392683 0.395535 0.392683 0.395535 0.320461 0.43616 0.320461
3 0.51741 0.556572 0.481262 0.56717 0.47517 0.501498 0.511317 0.490899
4 0.665219 0.603217 0.624536 0.574023 0.639227 0.509322 0.67991 0.538516
8 0.642134 0.47622 0.600222 0.50935 0.553623 0.323035 0.595535 0.289905
11 0.52148 0.474139 0.503347 0.487127 0.446043 0.234295 0.464176 0.221306
1 0.307299 0.296483 0.319947 0.280573 0.37537 0.419829 0.362722 0.435738
5 0.5108 0.544528 0.486673 0.65783 0.34241 0.560738 0.366537 0.447436
10 0.208016 0.42626 0.253835 0.352429 0.396042 0.631352 0.350222 0.705183
0 0.420071 0.769376 0.38616 0.720461 0.413596 0.660348 0.447507 0.709263
6 0.575222 0.555183 0.621711 0.639546 0.517203 0.821555 0.470715 0.737191
7 0.683245 0.608826 0.690847 0.726016 0.60182 0.744269 0.594218 0.627079
9 0.697341 0.346051 0.672318 0.400542 0.61693 0.320154 0.641954 0.265663
