0 0.52366 0.59685 0.480691 0.59685 0.480691 0.520461 0.52366 0.520461
3 0.459595 0.502203 0.418344 0.515178 0.411315 0.444546 0.452566 0.431572
2 0.422097 0.381572 0.385813 0.347042 0.404083 0.286365 0.440368 0.320895
4 0.539228 0.760382 0.513649 0.698137 0.544697 0.657813 0.570277 0.720058
8 0.502744 0.690607 0.460379 0.737127 0.39692 0.554482 0.439285 0.507961
7 0.311467 0.436085 0.377869 0.449226 0.368191 0.603794 0.301789 0.590653
9 0.350071 0.412571 0.291873 0.329239 0.331087 0.242684 0.389285 0.326016
11 0.555205 0.216871 0.580691 0.207961 0.610643 0.478703 0.585157 0.487614
6 0.49352 0.199702 0.549441 0.213516 0.52885 0.47695 0.47293 0.463136
10 0.606383 0.30584 0.657944 0.273006 0.72991 0.630183 0.678349 0.663016
1 0.618234 0.66645 0.622408 0.635387 0.716896 0.675508 0.712722 0.706572
5 0.397097 0.548239 0.426958 0.65496 0.290066 0.776016 0.260205 0.669295
