0 0.454129 0.488516 0.408816 0.488516 0.408816 0.410738 0.454129 0.410738
3 0.507254 0.591294 0.467165 0.60127 0.461452 0.528716 0.501541 0.51874
4 0.458937 0.764111 0.433581 0.700745 0.46741 0.657961 0.492767 0.721327
2 0.344478 0.384702 0.304369 0.34722 0.321316 0.289905 0.361425 0.327388
7 0.320236 0.432661 0.387722 0.448238 0.376394 0.603343 0.308908 0.587765
8 0.62303 0.702717 0.583776 0.737139 0.531281 0.547939 0.570535 0.513516
9 0.449441 0.40935 0.394623 0.331969 0.431481 0.249446 0.486299 0.326827
11 0.469317 0.225606 0.493328 0.215679 0.527566 0.477405 0.503556 0.487332
5 0.385379 0.53435 0.42476 0.639527 0.293248 0.795157 0.253866 0.689979
6 0.580094 0.196113 0.63616 0.192683 0.641444 0.465641 0.585379 0.469072
10 0.613443 0.39107 0.661729 0.371139 0.71116 0.749627 0.662873 0.769558
1 0.620535 0.319072 0.624129 0.286948 0.71256 0.318217 0.708966 0.350341
